438787,Gone Girl,0,1,0,0,1,0,1,1,1,1,1,1,1,0,1,1,1,0,0,0,1,1,1,0,0,1,1,0,0,0,1,1,1,0,1,1,1,0,1,1,1,0,0,0,0,1,1,1,0,1,1,0,1,0,1,0,1,0,1,0,0,0,1,0,1,0,1,0,1,1,1,1,1,0,1,1,1,0,0,1,0,1,1,1
439494,Shrek,1,1,1,1,0,0,0,0,0,1,1,1,1,1,1,0,1,0,1,0,0,0,1,0,0,1,0,0,0,0,1,0,0,1,1,0,0,0,0,1,0,0,0,0,0,1,0,1,1,0,0,1,1,1,0,0,0,1,0,0,1,0,1,1,1,0,0,1,0,1,0,1,1,0,1,0,1,0,1,1,1,1,0,0
441195,After Hours,1,1,1,0,0,0,1,1,1,1,1,0,1,0,1,0,1,1,1,0,1,0,1,0,0,0,0,0,1,1,0,0,0,1,0,1,0,0,0,1,1,1,0,0,1,1,0,1,1,1,1,1,0,1,0,0,1,0,1,1,0,0,1,1,0,0,0,1,0,1,1,0,1,1,1,0,1,1,1,1,1,1,1,0
444193,Cory in the House,0,0,0,0,0,0,0,0,0,0,1,1,0,1,0,1,0,1,1,1,0,1,0,0,0,0,1,0,1,1,0,0,0,1,0,1,1,0,1,0,1,0,0,0,1,0,1,0,1,0,1,0,0,1,0,0,1,1,1,0,1,1,0,0,0,0,0,0,1,1,1,1,0,1,1,1,1,1,0,1,0,0,0,0
444966,Gone Girl,1,0,1,1,0,1,0,0,1,1,1,0,1,1,1,1,1,0,0,1,0,1,1,1,1,0,1,0,1,1,1,1,1,1,0,1,0,1,0,1,0,0,1,0,1,1,0,0,1,1,0,1,1,1,1,0,0,0,1,1,0,0,0,0,1,1,1,1,1,0,0,1,1,1,1,0,1,0,0,0,1,0,1,0
445559,Back to the Future,0,0,0,1,1,0,0,0,1,1,1,1,1,1,0,0,0,1,0,1,0,1,1,0,1,0,0,1,0,1,0,0,1,1,0,1,1,0,0,1,1,1,1,1,0,0,0,1,0,1,0,0,1,0,1,0,0,0,0,1,0,0,1,0,0,1,0,1,1,0,1,0,0,1,0,0,0,1,1,1,0,1,0,0
445599,Pulp Fiction,1,0,1,1,0,0,0,1,0,1,1,1,1,0,0,1,0,0,1,0,0,1,1,1,1,0,1,1,1,0,1,1,1,1,0,0,0,1,1,0,1,0,1,1,0,1,0,1,0,0,1,0,0,0,0,0,0,0,0,1,1,0,0,1,1,1,1,0,0,0,1,1,1,1,1,1,1,0,0,1,0,0,0,0
445694,Fight Club,0,1,1,0,0,0,0,1,0,1,1,0,0,0,0,0,1,1,1,1,0,1,1,0,0,1,1,1,1,1,1,1,1,0,1,0,0,1,0,0,0,1,0,0,1,0,1,0,0,1,1,0,1,1,1,1,0,1,1,0,0,0,1,0,0,0,1,0,1,1,0,0,0,1,0,1,0,1,0,1,1,0,1,1
445795,Fargo,1,1,0,0,1,1,0,1,1,1,1,0,1,0,1,0,0,0,1,1,1,0,1,1,1,0,0,1,0,0,0,0,1,0,1,0,1,1,1,0,0,1,0,0,1,0,1,1,1,0,0,0,1,0,1,0,1,1,0,1,1,0,1,0,0,0,1,0,1,0,0,1,0,1,0,0,0,1,1,0,0,1,1,1
447105,GoodFellas,1,1,1,1,1,0,0,0,1,1,0,0,1,1,0,0,0,1,0,1,0,1,1,1,1,0,0,1,1,1,0,1,1,0,1,0,0,0,0,0,1,0,0,1,1,0,1,1,1,0,0,1,1,0,0,0,0,1,0,1,0,1,0,1,0,0,1,0,1,1,0,0,0,1,0,1,1,1,0,1,0,1,0,0
447746,Thor Ragnarok,0,0,0,1,0,0,0,0,1,1,1,1,1,0,1,0,0,1,0,1,0,1,0,0,0,1,0,1,1,1,1,1,0,1,1,0,0,1,0,0,1,0,1,1,0,1,0,1,0,0,0,0,1,1,0,0,0,0,0,1,0,1,1,1,0,1,0,1,1,1,0,0,0,0,0,1,1,0,0,0,0,1,0,1
448788,Baby Driver,1,1,1,0,1,1,1,1,0,1,0,1,1,0,0,1,1,0,0,1,0,0,1,0,0,0,1,0,0,0,0,0,0,1,0,1,0,1,0,1,0,1,1,1,0,0,0,0,1,0,1,1,0,1,1,1,0,1,0,1,0,1,1,1,0,1,1,1,0,0,0,1,1,1,0,1,0,1,1,1,1,0,1,1
449080,Bee Movie,0,1,0,0,1,0,0,0,0,1,0,1,0,1,1,0,1,0,1,1,1,0,0,1,1,1,1,1,1,1,1,0,0,1,0,1,1,0,1,1,1,1,1,1,0,0,0,1,1,0,0,0,0,1,1,0,1,0,1,0,0,1,1,0,0,1,1,1,1,0,0,1,1,1,0,1,1,1,1,1,1,1,1,1
449143,Baby Driver,0,1,1,0,0,0,1,0,1,1,1,0,1,0,1,0,0,1,0,1,1,1,1,1,0,0,0,1,0,1,0,1,1,0,0,1,0,1,0,1,1,1,1,1,1,0,1,1,0,1,1,1,0,1,0,1,0,0,0,0,0,0,0,0,1,0,0,0,0,0,0,1,1,0,0,1,1,1,1,0,1,1,1,0
451173,Back to the Future,0,0,1,0,1,0,1,1,1,1,0,1,0,0,0,1,0,1,0,1,0,1,0,1,1,0,0,0,1,0,0,0,1,1,0,1,1,1,0,1,1,1,1,1,0,1,0,1,0,1,0,0,1,1,1,0,1,0,1,0,0,1,0,0,1,1,0,0,0,1,0,0,1,1,1,0,1,0,0,0,1,0,1,0
451482,The Wolf of Wall Street,0,1,0,0,1,0,0,0,0,1,0,1,0,0,0,0,0,0,1,0,0,0,1,1,1,0,1,0,1,0,0,0,0,1,0,0,0,1,1,1,0,0,0,0,1,1,1,1,1,1,1,0,1,0,1,1,0,0,1,0,1,0,1,0,1,1,0,0,0,1,1,1,0,0,0,0,0,0,1,0,1,0,1,0
452763,Indiana Jones and the Temple of Doom,1,1,1,1,1,0,1,1,1,0,0,0,0,0,0,1,1,0,1,0,0,1,0,1,0,0,1,0,1,1,0,1,0,0,1,1,1,0,1,1,0,1,1,0,0,0,1,1,0,1,1,0,1,1,1,1,0,1,0,1,0,1,0,1,1,0,1,1,0,0,1,0,0,1,0,1,0,0,1,1,1,0,0,1
452843,After Hours,0,1,1,1,1,1,1,1,0,0,0,1,0,0,1,1,0,0,1,1,1,0,0,0,0,0,0,1,1,0,1,0,1,0,0,1,0,0,1,0,0,1,0,0,0,0,1,1,1,0,0,0,1,1,1,1,0,0,0,0,1,1,1,0,1,0,0,0,0,0,1,1,1,1,1,0,0,0,1,0,0,1,1,0
452898,Gone Girl,1,0,1,0,1,1,1,0,1,0,1,0,0,0,0,0,1,0,1,1,0,0,1,0,0,1,0,0,0,1,1,0,0,1,0,0,1,1,1,0,0,0,0,0,0,0,1,1,1,1,0,1,1,1,1,1,1,1,1,0,0,1,1,0,0,0,1,1,0,0,0,0,0,1,0,1,0,1,1,1,1,0,0,1
453326,Casino,0,1,1,1,0,0,0,0,0,1,1,0,0,1,0,1,1,0,1,0,0,0,0,0,0,0,1,0,0,1,1,1,1,0,1,0,1,1,0,1,0,0,1,1,0,1,0,1,0,1,1,1,0,1,1,1,0,0,0,0,1,1,0,0,1,1,0,0,0,1,1,1,0,1,0,0,1,0,1,1,1,1,1,0
453760,Wreck-It Ralph,0,0,0,0,0,1,1,1,1,1,0,1,0,0,0,0,0,1,1,0,0,0,1,0,1,1,1,0,1,0,1,1,1,1,0,0,1,1,0,0,1,0,0,1,0,1,1,1,0,1,1,0,1,0,0,0,1,1,0,0,0,0,0,1,0,1,0,0,0,1,1,0,0,0,0,1,1,1,1,0,0,1,1,1
455141,Bee Movie,1,0,0,0,1,1,1,1,1,1,0,1,0,0,1,1,1,0,1,1,1,1,0,1,0,1,1,0,1,1,1,1,0,1,0,0,1,1,1,0,0,0,1,1,0,1,1,1,0,0,1,0,0,0,1,0,0,1,1,1,0,0,1,1,1,1,0,0,1,1,0,0,0,1,1,1,0,1,1,1,0,0,1,0
455435,Scarface,1,0,1,0,0,1,0,0,0,1,1,1,0,0,0,1,0,0,0,0,0,1,0,1,1,0,1,0,0,1,1,0,0,0,1,1,0,0,1,0,0,0,0,0,1,0,0,0,1,0,1,1,0,1,0,1,0,0,1,0,0,1,0,1,1,0,1,1,0,0,0,1,0,0,1,0,0,0,0,0,1,1,1,1
455541,Back to the Future,1,1,0,1,0,1,1,0,1,0,0,1,1,1,1,1,0,1,0,0,0,0,0,0,0,0,0,0,1,1,0,0,0,1,0,1,0,0,1,0,1,1,0,0,0,1,0,0,0,1,1,1,0,0,1,1,0,0,1,1,0,0,1,1,1,1,0,1,1,1,0,0,0,0,0,1,1,0,1,1,1,1,0,0
457075,Thor Ragnarok,1,1,1,1,0,0,1,0,1,1,0,0,0,1,0,1,1,0,1,0,0,1,1,0,0,1,1,1,0,0,1,0,0,1,1,1,1,0,1,0,1,0,1,1,0,0,0,0,0,1,0,0,0,0,1,0,0,1,1,0,1,0,0,1,1,1,1,0,0,0,1,0,0,1,1,0,0,0,1,1,0,0,0,1
458059,Scarface,0,0,1,0,1,1,1,1,1,0,1,1,0,0,1,1,0,1,1,0,0,1,0,0,0,1,0,0,1,0,1,0,1,0,1,0,1,1,0,0,0,0,1,0,0,0,0,1,0,0,0,1,0,1,1,0,1,0,1,1,1,1,0,1,0,0,0,1,1,0,1,1,0,0,1,0,0,1,1,1,0,0,0,0
458095,Fargo,1,0,1,0,0,1,0,1,0,0,0,0,1,1,0,0,1,1,0,0,1,1,1,1,0,0,0,1,1,0,1,0,0,0,0,1,0,0,1,0,1,1,1,0,1,0,1,0,0,1,0,0,0,0,0,0,0,1,0,1,1,0,1,1,1,1,0,1,0,1,1,1,1,0,0,1,1,1,1,1,0,1,0,0
459055,GoodFellas,1,1,1,0,1,1,0,1,0,0,0,1,0,0,0,1,0,1,1,0,0,1,1,0,1,1,1,1,1,0,1,1,0,1,0,1,1,1,1,1,1,0,1,0,0,0,1,0,1,1,1,0,0,1,1,1,0,1,0,1,1,1,1,0,1,0,1,0,0,1,1,0,1,1,1,0,0,1,0,0,1,1,1,1
459585,Kingpin,0,0,1,0,0,0,0,0,0,1,0,0,0,0,0,1,0,0,1,0,1,0,1,1,0,0,0,0,1,0,0,0,0,0,0,1,0,0,0,1,0,0,1,1,0,0,1,1,1,1,0,0,1,1,0,1,0,0,1,1,0,0,0,0,1,0,0,1,1,1,1,1,1,0,0,1,1,1,1,1,0,1,0,0
461056,Back to the Future,0,0,0,1,0,1,1,1,0,0,0,0,0,1,1,1,1,1,0,0,1,1,1,1,0,1,0,0,0,1,0,0,1,0,0,1,1,0,0,0,0,1,0,1,0,0,1,1,0,1,1,0,0,1,1,0,1,0,0,1,0,1,1,0,1,0,0,0,1,0,1,0,1,1,1,0,1,1,0,0,1,1,0,1
461881,Indiana Jones and the Temple of Doom,1,1,0,1,0,0,1,1,0,0,1,0,0,1,1,0,1,0,0,0,0,0,1,1,1,1,1,0,1,0,0,0,1,0,0,1,0,0,0,1,1,0,0,0,1,1,0,0,0,0,1,1,1,1,1,1,1,1,1,1,1,1,1,0,0,0,0,1,0,1,0,0,1,0,1,1,0,0,0,1,1,1,1,1
462526,Back to the Future,1,0,1,1,1,0,1,1,0,0,0,1,0,1,1,0,1,1,0,1,0,1,0,1,1,1,0,0,0,0,0,1,0,0,1,0,0,1,0,0,0,0,1,1,1,0,1,0,0,0,1,1,0,1,1,0,0,1,1,1,1,1,0,0,0,1,0,1,0,0,1,0,1,0,0,0,0,1,0,0,0,0,0,1
462545,Source Code,0,0,0,0,1,0,0,0,1,1,1,0,0,1,0,1,1,0,0,0,0,0,0,0,1,1,1,0,1,1,1,1,0,1,0,0,0,0,0,0,1,1,1,1,0,0,1,0,0,1,0,0,1,1,0,1,1,0,0,0,0,0,0,0,0,0,1,1,0,0,0,1,0,1,1,1,1,1,0,1,1,1,1,1
466506,Wreck-It Ralph,0,0,0,1,0,1,1,0,0,0,0,1,1,1,1,0,0,0,0,1,1,1,1,0,1,1,1,1,0,1,1,1,1,0,1,0,0,1,0,0,0,1,1,1,1,0,1,0,1,1,0,1,0,1,0,0,1,1,0,1,0,0,0,1,1,1,1,0,1,0,1,1,0,0,1,1,1,0,0,0,0,0,0,1
467180,Source Code,0,0,0,0,0,0,1,1,0,1,1,1,1,1,0,0,1,1,0,0,1,0,1,0,1,1,0,1,1,1,1,1,1,1,0,1,1,1,0,1,0,1,0,0,1,0,0,1,1,1,1,1,0,0,0,1,1,1,0,0,1,1,0,1,1,1,1,1,0,1,1,0,0,1,1,0,1,1,1,1,0,1,0,1
468361,Terminator 2 Judgment Day,1,1,1,1,1,0,1,1,0,1,0,0,0,1,1,1,0,0,0,0,1,1,1,0,1,1,0,1,0,0,1,1,1,1,0,1,0,0,1,0,0,0,1,1,1,1,0,1,0,0,1,0,1,1,0,1,0,0,1,1,0,1,0,1,0,1,1,1,0,1,0,0,1,0,0,1,0,0,0,0,0,1,1,0
468557,After Hours,0,0,0,0,0,1,1,0,1,0,0,1,1,1,0,1,0,1,0,1,0,0,0,0,0,0,0,1,0,1,1,0,1,0,0,1,0,0,0,0,1,1,1,1,0,1,1,1,0,1,0,1,1,1,1,0,0,1,0,0,1,0,1,1,0,1,0,0,0,1,1,0,1,0,0,1,0,1,0,1,1,1,1,1
468650,Cory in the House,1,0,0,1,1,1,1,1,0,1,0,1,0,0,1,1,0,1,1,1,1,0,1,1,0,0,1,1,0,0,0,0,0,1,0,1,0,0,1,0,0,0,1,1,1,0,0,0,1,0,0,1,1,1,1,0,0,0,1,0,1,1,0,1,0,1,0,1,1,1,0,1,1,1,1,0,1,0,1,1,1,1,1,0
469136,Casino,0,1,1,0,0,1,1,0,0,0,1,0,1,0,0,0,1,0,0,1,0,1,0,1,1,1,0,0,0,1,1,0,1,0,1,0,0,1,1,1,1,1,0,1,1,1,0,1,0,0,1,1,1,0,0,0,0,0,1,0,1,1,1,1,1,0,1,1,0,0,0,0,0,0,0,0,1,1,1,1,1,1,0,0
469237,Baby Driver,1,0,0,0,1,0,1,1,1,1,0,0,1,0,0,1,1,0,0,0,0,0,1,0,1,1,0,1,0,0,1,1,1,1,0,0,1,0,0,0,1,0,0,1,0,0,1,0,1,1,1,1,1,0,0,0,1,1,0,0,0,1,0,0,1,1,0,0,1,0,1,0,1,0,1,1,1,0,1,1,1,0,0,0
472181,GoodFellas,1,0,0,0,1,1,0,0,0,0,0,0,1,0,1,0,0,0,1,0,1,0,1,1,0,1,1,1,1,1,1,0,1,0,1,1,1,0,1,1,0,0,1,1,1,0,0,1,0,0,0,0,1,1,0,1,0,1,1,0,0,1,0,1,1,0,0,1,1,0,1,1,0,0,0,1,0,0,0,1,1,0,0,1
472196,After Hours,1,0,1,0,0,1,0,0,1,1,1,1,1,0,1,0,0,1,1,0,0,0,1,1,0,1,1,1,0,1,0,0,1,1,0,0,0,1,1,1,0,1,0,0,0,1,1,0,0,1,0,1,0,0,1,1,1,0,0,1,1,0,1,0,0,1,0,1,1,0,0,1,1,0,0,1,1,1,0,1,0,0,0,1
472284,Pulp Fiction,1,1,1,0,1,1,1,0,0,1,0,0,1,1,1,1,0,0,1,0,1,1,1,0,0,0,0,0,1,1,0,1,0,0,1,0,1,1,1,0,0,0,1,1,0,0,0,1,0,0,1,0,1,0,0,0,0,1,1,1,1,1,1,0,1,1,1,1,1,1,0,1,1,1,0,0,0,0,0,0,1,0,0,0
474136,Pulp Fiction,1,1,1,0,1,0,0,1,0,1,0,1,0,1,0,0,0,0,0,1,1,1,1,1,1,0,1,0,0,0,0,1,1,0,0,1,1,0,1,0,0,1,1,0,0,1,1,0,1,1,1,0,0,0,1,1,0,1,0,1,1,0,1,1,0,0,1,1,1,0,0,0,1,1,0,0,1,0,0,0,0,1,0,1
477033,Source Code,1,1,1,0,0,0,1,0,1,1,1,1,1,0,1,1,1,1,1,1,1,0,1,0,0,1,1,1,0,0,1,0,0,0,1,1,1,0,0,1,0,1,0,0,0,0,1,1,0,0,1,0,1,0,1,0,0,1,0,1,1,0,1,0,0,1,0,1,0,1,0,1,0,0,1,0,0,0,0,1,1,0,0,0
477417,Back to the Future,0,0,0,0,0,0,1,1,1,1,0,0,0,0,1,0,0,1,1,0,0,0,1,1,1,1,0,0,1,1,0,1,1,0,0,1,0,1,0,1,0,0,0,1,0,1,1,1,1,1,1,0,1,0,1,0,1,1,1,0,0,1,1,1,1,1,0,1,0,0,1,1,0,1,0,1,1,0,0,1,1,0,1,0
478183,The Wolf of Wall Street,0,1,0,0,0,0,1,0,1,1,0,1,1,1,0,1,0,1,1,0,0,0,1,0,0,1,1,0,0,1,1,0,1,1,1,0,1,1,0,1,1,1,1,1,0,0,1,1,1,1,0,0,1,1,0,0,1,0,1,1,0,1,1,1,1,0,1,0,0,1,1,1,0,1,0,1,1,0,1,0,0,1,0,0
478340,Fight Club,0,1,1,0,0,0,0,0,0,1,1,1,1,1,0,1,1,0,1,1,1,0,1,1,0,0,0,0,1,0,0,0,1,1,0,0,1,0,1,0,0,1,1,1,0,1,1,0,0,0,0,1,1,1,0,1,0,0,0,0,1,0,0,0,1,1,0,1,1,1,0,1,1,0,0,1,0,0,0,1,1,0,0,0
478450,Source Code,0,0,1,0,1,0,1,1,0,0,1,1,0,0,1,1,1,1,0,1,1,1,1,0,1,0,1,1,1,1,0,0,0,1,1,0,1,0,1,1,1,1,1,0,1,0,1,1,1,0,1,0,1,0,0,1,1,1,0,0,0,0,1,1,0,0,0,0,0,1,0,0,1,0,1,1,1,1,0,0,1,0,0,0
479944,Pulp Fiction,1,1,1,0,0,0,0,0,0,0,1,0,0,1,1,1,0,1,0,0,1,1,1,1,0,1,0,1,0,0,1,0,1,1,0,1,1,0,1,0,0,0,1,1,1,0,0,1,0,0,1,1,0,1,1,0,0,1,1,1,0,1,1,0,1,0,0,1,1,0,0,1,1,0,1,0,1,0,1,0,1,0,1,0
480265,Django Unchained,1,0,0,0,0,1,0,1,1,0,1,0,0,1,0,0,0,0,1,1,1,0,1,1,1,1,0,0,1,1,1,1,1,0,1,1,1,1,1,1,1,0,1,0,0,0,0,1,0,0,1,0,1,0,0,1,0,0,1,0,0,1,0,0,0,1,0,0,1,0,0,1,1,0,0,1,0,1,0,0,0,0,1,0
482514,The Wolf of Wall Street,0,1,0,0,1,0,0,1,0,1,1,1,0,1,1,0,0,1,0,0,0,0,0,1,0,1,0,0,1,0,1,1,0,1,1,1,0,0,1,0,0,0,1,0,1,1,1,0,0,1,1,0,1,0,1,0,0,0,0,1,0,0,1,0,1,0,1,0,0,1,1,1,1,1,1,0,1,1,0,0,1,0,1,1
482992,Wreck-It Ralph,0,1,1,1,1,0,0,0,1,1,0,1,0,0,0,0,0,1,0,1,0,1,0,1,0,0,1,0,0,0,0,0,1,1,1,1,1,0,0,0,0,1,1,1,1,1,0,1,0,0,0,1,0,0,0,0,0,0,1,0,1,1,1,1,1,0,0,1,1,1,1,0,1,0,0,1,0,1,0,0,1,0,0,0
483932,Fight Club,1,0,1,0,0,1,0,0,1,1,0,0,1,1,0,0,1,0,1,0,1,1,0,0,0,1,0,0,1,0,0,1,1,1,1,1,1,1,0,0,0,0,1,1,0,0,1,1,1,0,0,0,1,1,1,0,0,1,1,0,1,1,1,0,0,1,1,1,0,1,1,1,1,1,0,0,1,0,0,0,1,1,0,1
487011,After Hours,1,1,1,1,1,1,0,1,1,0,1,1,0,1,1,0,1,1,1,0,0,0,1,1,1,0,1,1,0,0,1,0,1,1,0,1,0,1,1,1,1,1,0,1,0,0,0,0,1,0,1,0,0,1,0,0,0,1,0,1,0,0,1,1,1,0,1,1,1,1,0,0,1,0,1,0,0,1,0,0,1,0,0,1
488607,The Raid 2,1,0,1,0,0,0,1,1,0,0,0,0,0,0,1,1,0,1,0,1,0,0,1,0,1,0,1,1,0,1,1,0,1,1,1,0,0,0,1,0,0,1,1,0,1,1,1,0,1,0,0,0,1,1,1,1,0,0,0,0,1,0,1,1,1,1,1,0,0,1,0,1,1,0,0,1,0,0,0,0,1,0,1,0
488901,Shrek,0,0,1,0,1,1,0,1,0,0,1,0,1,1,0,1,1,1,1,1,1,0,0,1,0,0,1,1,1,1,1,1,1,0,1,1,1,1,0,1,0,1,1,0,1,0,0,1,0,1,0,1,0,1,0,0,0,1,0,1,1,1,0,1,0,0,0,1,1,0,0,0,1,1,0,1,1,0,0,0,1,1,1,0
489722,Cory in the House,1,0,0,0,0,1,0,1,1,0,0,0,0,1,0,1,1,1,0,1,0,1,0,0,1,1,0,0,1,1,1,0,0,1,1,0,0,1,1,0,1,1,1,1,1,0,0,0,1,1,1,0,1,1,0,1,1,1,1,0,1,1,0,1,1,1,1,0,1,0,0,1,1,0,0,0,0,0,0,0,1,1,1,1
489920,Shrek,0,1,1,1,1,0,1,0,0,0,0,0,0,0,1,1,0,1,1,1,0,0,0,1,0,1,1,1,0,1,0,0,0,0,0,1,0,1,0,0,1,0,1,0,1,0,0,1,0,0,1,0,1,1,0,1,1,0,1,0,0,0,0,0,1,1,1,1,1,1,0,1,1,1,1,0,0,0,0,0,1,0,0,0
490638,Gone Girl,0,0,0,1,1,0,1,1,0,1,1,1,0,0,0,0,1,0,0,0,1,0,0,1,1,0,1,1,0,0,1,1,0,1,1,1,1,0,0,0,1,1,1,1,0,0,0,0,1,1,0,1,0,1,0,1,0,0,0,0,0,1,0,0,1,0,0,0,1,1,0,1,0,0,1,1,1,1,1,0,1,1,1,0
490711,GoodFellas,0,1,1,0,1,0,1,0,0,1,0,0,1,0,0,1,1,0,1,0,0,1,1,0,1,0,0,1,1,0,1,1,1,1,0,0,1,0,1,1,0,0,0,0,0,1,1,0,1,0,0,0,1,1,1,1,0,1,1,1,1,0,1,0,0,0,0,1,0,1,1,0,0,1,1,1,1,0,1,0,0,0,1,1
493795,Source Code,1,1,0,1,0,1,0,0,0,1,0,0,1,1,0,1,0,1,0,1,1,1,1,1,0,1,1,0,1,0,1,0,0,0,1,1,1,0,0,1,0,1,0,1,1,1,0,0,1,0,0,0,1,0,0,1,1,1,1,0,1,1,1,0,1,0,0,0,1,1,1,0,1,1,0,0,0,0,1,0,0,0,1,0
494846,Baby Driver,0,1,0,0,1,1,0,1,0,1,0,0,1,1,0,0,1,0,1,1,0,1,0,0,0,1,0,1,0,1,1,1,0,0,1,1,1,1,0,1,1,1,1,1,0,1,1,0,0,1,1,0,1,1,0,1,0,1,1,1,0,0,0,0,0,0,0,0,0,0,0,0,0,0,0,0,0,0,0,1,1,1,0,0
494899,Terminator 2 Judgment Day,0,0,1,0,1,0,1,1,1,0,1,0,1,0,1,0,0,0,0,1,1,1,0,0,0,1,0,1,0,1,1,1,1,0,1,0,1,0,0,1,0,1,1,1,1,0,0,0,1,0,0,1,0,0,0,0,0,1,0,0,0,0,0,0,0,1,0,0,1,0,0,0,0,1,1,1,1,0,0,1,1,0,1,1
496502,Wreck-It Ralph,0,0,1,0,0,1,0,1,0,0,1,0,0,1,1,0,0,0,1,0,1,0,1,0,0,1,1,0,0,1,1,0,0,0,1,0,1,1,0,0,1,1,1,0,0,0,0,0,1,0,0,1,0,0,0,1,1,1,0,1,0,0,1,1,1,0,0,1,0,1,0,0,1,1,0,0,0,1,1,0,0,0,1,1
497195,For a Few Dollars More,0,0,0,1,1,0,0,1,1,1,0,0,0,1,0,1,0,0,1,0,1,0,1,1,0,1,0,1,0,0,0,0,0,0,1,1,0,1,0,0,1,0,1,1,1,0,1,1,1,1,1,1,0,1,0,0,0,0,0,1,1,0,0,0,0,1,0,1,1,0,0,1,0,0,0,1,1,0,1,0,0,0,1,1
497718,Fight Club,1,1,0,1,0,1,1,1,1,0,0,0,0,0,0,0,1,0,1,0,0,1,1,1,0,0,1,1,1,1,0,1,1,1,1,0,0,1,0,1,1,0,1,0,1,0,0,1,0,0,1,1,0,1,0,0,1,0,0,0,1,0,0,1,1,0,1,1,0,1,1,0,1,0,0,0,1,0,1,0,1,0,1,0
498168,Source Code,1,0,0,1,0,1,1,0,1,1,1,0,1,0,1,0,1,0,0,0,0,1,1,0,1,1,0,1,1,1,1,1,1,1,0,1,1,0,1,0,0,1,1,0,0,1,1,0,1,1,1,1,0,0,1,1,0,0,0,0,0,1,0,1,0,1,1,0,0,0,1,1,0,0,1,0,0,0,1,1,1,1,0,1
498797,Gone Girl,1,1,1,1,0,1,0,1,1,1,1,1,0,0,0,1,1,1,0,1,0,1,1,1,1,1,0,1,0,1,1,1,1,0,1,0,1,1,0,0,0,0,0,0,0,1,1,1,1,0,0,1,1,1,1,1,0,1,1,1,0,0,0,0,0,1,0,0,1,1,1,1,0,0,0,1,0,0,0,0,1,1,1,1
498940,Terminator 2 Judgment Day,0,1,0,0,1,1,1,1,1,0,0,1,1,1,1,1,1,1,0,1,0,0,0,0,0,1,1,1,1,1,0,0,1,1,0,1,1,1,1,1,0,1,1,1,0,1,0,1,0,0,0,0,1,0,1,0,1,1,1,1,0,1,0,0,0,1,1,0,1,0,1,0,0,0,0,0,1,1,1,0,1,0,0,1
499223,Anchorman,0,1,0,1,1,0,0,0,1,0,1,0,1,0,1,1,0,0,1,0,1,0,0,0,1,1,0,0,0,0,1,1,1,0,1,1,1,0,1,0,0,1,0,1,0,1,1,1,1,1,1,1,0,1,1,1,0,0,0,0,1,1,0,0,1,0,0,0,0,0,0,1,0,1,1,0,0,1,0,0,1,1,0,1
500343,Indiana Jones and the Temple of Doom,1,0,0,0,0,0,1,0,0,1,1,0,0,0,1,1,0,1,1,0,0,0,0,0,1,0,0,1,0,1,0,0,1,1,0,1,1,1,1,0,0,0,1,1,1,1,0,1,0,1,0,0,1,1,1,1,1,1,0,0,0,1,1,1,1,0,1,1,0,0,0,1,0,1,1,0,0,1,0,1,0,1,0,1
500703,Django Unchained,0,1,1,0,0,0,1,1,1,0,1,0,1,0,1,0,1,0,0,1,1,1,0,1,0,0,0,1,1,1,1,1,0,1,1,0,1,0,0,0,1,1,1,0,0,0,0,1,1,0,0,0,0,0,0,0,0,0,1,1,0,1,1,1,1,1,0,1,0,0,0,1,1,1,1,1,1,1,0,0,0,0,0,1
500980,Source Code,0,1,0,1,1,0,0,0,1,0,0,0,1,1,0,0,1,1,0,1,1,0,0,0,0,1,1,1,1,1,1,1,0,0,1,0,0,0,0,0,0,1,1,1,1,1,0,0,0,1,0,0,1,0,0,1,1,1,0,1,0,0,1,0,1,0,1,1,1,1,1,1,1,0,0,1,0,1,0,1,1,1,0,0
502239,Terminator 2 Judgment Day,0,1,1,1,0,0,1,0,0,0,1,1,0,1,0,1,0,0,1,1,0,0,0,1,1,0,1,0,1,0,1,0,1,1,0,1,1,0,0,0,0,1,0,1,1,1,1,1,1,0,1,0,1,1,1,0,1,0,1,0,1,1,1,1,1,0,1,0,0,1,1,1,0,1,0,1,0,0,0,0,1,1,1,1
502252,For a Few Dollars More,0,0,0,0,1,1,1,1,0,1,0,0,0,0,0,1,1,1,0,1,1,0,1,1,1,0,0,0,0,0,0,0,0,1,1,0,0,0,1,0,1,0,1,1,0,1,0,1,1,0,1,0,1,1,1,1,1,1,0,0,0,0,0,1,0,0,0,0,0,0,0,1,0,0,1,1,0,0,1,0,1,1,0,1
502661,Thor Ragnarok,1,0,1,0,1,0,0,1,0,1,0,1,1,1,1,0,0,0,0,0,0,1,0,1,0,1,0,0,1,0,1,0,1,1,0,1,0,0,0,0,0,0,1,0,1,0,1,1,1,1,0,0,0,0,0,1,0,0,0,0,0,0,0,1,1,0,1,1,1,0,1,1,1,0,1,0,0,1,0,0,0,0,1,0
502895,For a Few Dollars More,0,0,0,1,1,0,1,0,1,0,1,0,0,0,0,1,0,0,0,1,1,0,0,0,0,1,0,0,1,1,1,0,1,0,1,1,0,1,0,1,1,0,0,0,1,1,0,0,0,1,0,0,1,1,0,1,1,0,1,1,0,1,0,0,0,1,0,0,1,0,1,1,0,0,1,0,1,1,1,0,0,1,1,0
503625,Shrek,0,0,1,0,1,1,1,0,0,0,0,0,0,1,1,1,1,1,0,0,0,1,0,0,1,0,1,1,0,1,0,1,1,0,1,0,1,0,1,0,1,0,1,0,0,1,1,0,1,1,0,1,1,1,0,0,1,1,1,1,1,1,0,0,0,1,0,1,1,1,0,0,1,1,1,1,1,1,1,1,0,0,0,0
505536,Django Unchained,1,0,1,1,1,0,0,0,0,0,1,0,1,1,0,1,1,0,1,1,0,0,0,0,1,0,0,0,0,0,1,0,1,0,0,1,1,1,0,0,0,0,1,1,1,1,1,1,1,0,0,0,0,0,1,0,1,0,1,1,0,0,0,1,1,0,0,1,0,0,0,0,1,1,1,0,1,1,0,1,0,1,1,0
508438,Wild Tales,0,0,1,0,0,0,1,0,0,1,1,0,1,0,1,0,0,1,1,0,0,1,1,0,1,1,0,0,0,0,1,0,0,1,0,1,1,1,1,0,1,1,0,0,0,1,0,0,1,1,0,0,0,0,1,1,0,0,0,1,0,1,1,0,1,0,1,0,1,0,1,0,1,1,1,1,0,0,1,0,1,1,0,0
509314,Cory in the House,1,0,1,0,0,0,0,1,1,1,0,1,0,0,0,1,1,0,0,1,1,1,0,0,0,0,0,1,0,0,0,1,0,1,0,1,0,1,1,1,0,0,0,1,0,1,1,1,0,0,0,1,0,1,1,1,1,0,0,1,1,1,0,0,0,0,0,0,0,1,0,1,0,0,0,0,0,0,0,0,1,0,1,1
510495,Inception,0,1,0,0,0,1,1,1,1,0,1,0,1,0,1,1,1,0,1,1,0,0,1,1,1,1,1,1,0,1,1,1,1,0,1,0,0,0,0,0,1,1,0,0,0,0,1,1,0,0,0,1,1,0,0,0,0,0,1,1,1,1,1,1,1,1,0,1,0,1,0,0,0,0,0,0,0,1,0,1,0,1,1,1
511016,Fargo,0,0,0,0,0,1,1,1,0,0,1,0,0,1,0,1,1,1,1,1,1,1,1,0,1,0,0,1,0,0,1,0,0,1,0,0,1,1,0,0,1,0,0,1,1,0,0,0,0,0,0,1,1,1,1,0,0,0,0,0,0,1,1,0,1,0,0,1,1,1,0,0,0,0,0,0,1,1,0,1,0,1,0,0
511320,Scarface,1,1,1,1,0,0,0,0,0,0,0,0,1,0,1,0,1,0,0,1,1,1,1,1,1,1,1,0,1,0,0,0,0,1,0,1,1,0,0,1,0,0,0,1,0,0,1,0,0,1,1,1,0,1,1,1,1,1,1,1,0,0,1,1,0,1,0,1,1,1,0,1,1,0,0,0,0,0,0,0,1,1,1,0
511623,Inception,1,1,1,1,1,1,1,0,0,0,1,1,1,0,1,0,1,0,1,1,0,0,1,0,1,1,0,0,0,1,0,0,0,1,0,0,1,1,0,0,0,1,0,1,0,0,0,0,0,0,1,0,1,0,0,0,0,0,1,1,1,1,1,0,1,1,0,1,1,1,1,0,0,0,1,1,0,1,0,1,1,0,0,0
512798,GoodFellas,1,1,1,0,0,0,1,0,0,0,1,1,0,1,1,1,0,1,0,1,1,1,0,1,1,1,0,0,1,1,1,1,0,1,1,0,1,0,0,0,0,1,1,1,0,1,1,1,0,1,0,0,0,1,1,0,0,0,0,0,0,1,1,1,1,0,1,1,0,1,1,0,0,0,1,0,1,1,1,0,1,0,1,1
513379,Thor Ragnarok,0,0,1,0,0,0,1,0,0,0,1,0,0,0,0,0,0,0,0,0,0,0,0,1,1,1,0,1,1,1,1,1,0,1,0,0,1,1,1,0,1,0,1,0,1,0,1,1,0,1,1,0,0,1,0,1,0,0,1,0,1,0,0,1,1,1,1,1,1,1,0,1,0,0,1,1,1,0,1,1,1,1,1,0
513415,Baby Driver,0,0,1,0,1,1,0,1,0,0,0,1,1,0,1,0,0,1,1,1,1,1,1,0,0,1,1,1,0,1,1,1,1,1,1,1,0,1,1,1,0,0,0,0,1,1,0,1,0,1,1,1,0,0,0,0,0,0,1,0,1,0,1,0,0,1,0,1,0,0,1,1,0,1,0,0,1,0,0,0,1,1,0,1
513434,Terminator 2 Judgment Day,1,0,0,0,0,1,1,1,0,0,0,1,1,1,1,1,0,0,0,0,1,0,1,0,1,1,0,1,0,1,1,0,1,1,1,0,0,1,0,1,0,0,0,0,0,0,1,0,1,0,0,1,1,1,0,0,1,1,0,1,1,0,0,0,0,1,0,1,0,0,0,0,0,0,1,1,1,1,1,1,1,1,1,1
514174,Anchorman,1,0,1,0,1,0,1,0,1,0,0,0,1,1,0,0,1,0,1,1,1,1,1,1,1,0,1,0,1,1,0,0,1,0,0,1,1,0,1,0,1,0,1,0,0,0,1,0,0,0,1,0,0,0,0,1,0,1,1,0,1,1,0,0,0,1,0,0,0,1,0,0,1,0,0,0,1,1,0,0,0,1,1,0
518257,Kingpin,1,0,1,0,1,1,0,1,0,0,1,0,0,0,0,0,1,0,1,0,1,0,1,0,1,0,1,0,1,0,0,1,1,0,0,1,1,1,0,0,0,1,0,0,1,0,1,1,0,0,0,1,0,0,0,1,0,0,1,0,1,0,1,0,0,1,0,1,0,1,0,0,1,0,0,1,1,1,0,1,0,0,1,0
519847,Fargo,1,0,1,0,1,0,1,0,0,1,0,1,1,1,0,0,0,0,0,0,1,0,0,0,0,0,0,1,0,0,1,0,0,0,1,0,1,1,1,1,1,1,1,0,0,1,1,0,1,1,1,0,1,0,0,1,0,0,0,0,1,1,1,0,1,0,1,0,1,0,0,0,1,0,1,0,0,1,1,0,1,1,1,1
520052,Cory in the House,1,1,0,0,0,0,1,0,0,1,0,0,1,0,1,1,1,0,0,0,0,0,0,0,0,1,0,1,0,0,0,0,0,0,1,1,1,0,1,0,1,0,0,1,0,1,1,0,1,0,0,0,0,1,1,0,0,0,0,1,0,0,1,0,0,0,1,0,1,0,0,0,1,1,0,0,0,0,0,0,0,0,0,1
520171,The Wolf of Wall Street,1,0,0,0,0,0,1,0,0,0,0,1,1,1,0,1,0,0,1,0,1,0,0,0,1,1,0,1,0,0,1,0,1,1,1,0,0,0,1,0,0,1,1,0,1,1,0,0,0,0,1,1,0,1,0,0,1,0,0,1,0,0,1,1,0,0,0,0,1,1,1,0,0,1,0,0,0,1,0,1,0,0,0,1
520547,Casino,1,1,0,0,0,0,0,1,0,1,0,1,0,0,0,1,0,0,1,1,1,0,0,0,0,1,1,1,1,0,1,0,1,0,1,0,0,0,1,0,1,0,1,0,0,0,1,0,1,0,0,0,0,0,1,1,1,0,0,0,0,1,1,1,1,0,0,1,1,1,1,0,0,1,0,1,1,1,0,0,0,0,1,0
522103,Fight Club,0,1,0,0,1,0,1,0,1,1,0,0,1,1,0,1,0,1,1,1,1,0,1,0,1,0,0,0,0,0,0,1,1,0,0,0,0,0,1,1,1,0,1,1,0,0,1,1,1,0,1,0,1,0,1,1,0,0,1,0,1,1,0,0,1,1,1,0,1,1,0,0,0,0,0,1,1,0,0,1,1,0,1,0
522269,Anchorman,0,1,0,1,1,0,1,1,0,1,1,0,1,0,1,0,0,1,1,0,1,1,0,1,0,1,1,1,1,1,1,0,1,1,1,1,1,0,0,0,0,0,1,1,0,1,0,1,0,1,1,1,1,0,0,1,0,1,1,0,0,0,1,1,1,0,1,1,1,0,0,1,1,1,1,1,1,0,0,1,1,1,1,1
522543,Bee Movie,0,0,0,0,1,0,1,1,1,0,0,0,1,0,0,1,0,1,0,0,0,0,1,0,0,0,1,0,0,0,0,0,1,1,0,1,1,1,0,1,1,1,0,1,1,0,1,0,0,0,0,1,1,0,0,0,1,0,1,0,0,0,1,0,1,0,0,0,1,1,1,1,0,1,0,1,1,1,1,1,1,1,1,1
523756,Kingpin,1,1,0,1,1,1,1,1,1,1,0,1,0,1,1,1,1,1,1,0,1,0,1,0,1,1,1,1,1,1,1,0,1,0,1,0,1,1,1,1,1,1,1,1,0,0,0,1,1,1,1,1,1,1,1,1,1,0,1,1,0,1,1,1,1,1,1,1,0,1,1,0,1,1,1,1,1,0,1,1,1,1,1,0
524307,Bee Movie,0,1,1,0,1,1,1,0,1,1,1,1,1,0,1,1,0,1,1,1,0,0,1,0,1,1,1,1,1,0,0,0,1,0,1,1,1,1,0,0,1,0,1,1,1,1,0,1,1,0,0,0,0,1,0,1,1,1,1,0,1,0,0,1,1,1,0,1,0,0,0,1,1,0,0,1,0,0,1,1,1,1,0,1
525277,Kingpin,1,1,0,0,1,0,1,0,0,0,1,0,1,0,0,1,1,0,1,1,1,0,1,1,1,1,0,0,1,0,1,0,1,0,0,1,0,1,1,1,0,0,1,0,0,0,0,0,0,0,0,0,1,1,0,1,0,0,0,0,0,1,1,1,0,1,1,0,0,1,0,0,0,0,1,0,1,1,0,0,0,1,1,1
525617,Fight Club,1,1,0,1,1,0,1,0,0,0,1,1,0,1,1,1,1,1,0,1,0,0,0,1,1,0,0,0,1,0,0,0,0,0,1,0,0,0,0,0,1,0,0,0,0,0,1,1,1,1,0,1,1,0,0,0,1,0,0,0,0,0,1,0,0,0,0,1,0,1,1,1,1,1,0,0,0,1,1,0,1,0,1,1
526052,Inception,0,1,1,1,1,0,0,0,1,0,0,1,1,1,1,0,1,0,0,1,0,1,1,0,0,0,1,0,0,1,1,0,1,0,1,1,1,1,0,1,0,1,1,0,0,1,1,1,0,0,1,0,0,0,0,0,0,0,1,1,1,0,0,1,1,1,1,1,1,1,0,1,0,0,1,0,1,0,1,1,1,1,0,1
526072,Pulp Fiction,0,0,0,0,1,0,0,1,1,1,0,1,0,1,0,0,0,1,0,1,0,0,1,1,1,1,0,0,1,0,0,1,0,0,0,0,0,0,1,1,1,0,0,1,0,0,1,1,0,1,1,1,1,0,0,1,0,1,1,1,1,0,0,1,0,1,0,1,0,0,0,1,1,1,1,0,1,0,1,0,1,0,1,1
526099,Wreck-It Ralph,0,0,0,0,1,1,0,1,1,1,1,1,0,1,1,0,0,1,1,1,0,0,1,1,0,0,1,0,1,1,1,1,0,1,1,0,0,0,1,0,1,0,1,0,0,0,0,1,0,0,1,1,0,1,0,0,0,0,0,0,1,0,1,0,0,1,0,0,0,1,0,1,0,1,1,1,1,1,0,0,1,1,0,1
526896,Anchorman,1,0,0,0,0,1,0,0,0,0,1,0,1,1,0,1,0,1,1,0,0,1,1,1,0,0,1,0,1,1,1,1,0,0,1,1,1,1,1,1,0,0,0,0,0,0,0,1,1,0,1,1,1,0,0,1,0,1,1,1,0,1,1,1,0,1,0,0,1,1,1,0,0,0,1,0,1,1,1,0,1,0,1,0
528972,Anchorman,1,1,1,1,0,0,1,1,0,1,1,1,1,1,1,0,1,0,1,1,0,0,1,1,0,0,0,0,0,0,1,0,0,1,0,0,0,1,0,1,0,1,0,1,1,0,0,0,0,0,0,0,1,0,1,1,1,1,1,1,1,1,1,0,1,1,1,1,0,0,0,0,1,0,1,1,0,0,0,0,1,1,1,1
529522,Cory in the House,1,1,0,0,0,0,0,0,0,0,1,1,1,0,0,1,1,0,0,1,1,1,1,0,0,0,1,0,1,0,0,0,0,0,1,1,0,1,1,0,0,0,1,0,0,0,0,0,1,1,0,1,0,1,0,0,0,1,0,0,1,1,0,0,0,0,1,1,0,1,1,0,1,1,0,0,1,0,1,0,1,0,1,1
530827,Anchorman,1,1,1,1,0,0,1,1,0,0,1,1,1,1,0,0,1,0,0,0,0,0,1,0,1,1,0,1,1,0,1,1,0,0,0,1,0,0,1,0,0,1,0,0,0,1,0,0,0,0,0,1,1,0,0,1,1,0,1,0,0,0,0,1,0,1,1,0,0,1,0,1,1,1,0,1,0,1,1,0,1,0,1,1
531398,Wreck-It Ralph,0,1,1,1,1,1,0,1,1,1,0,1,0,1,0,0,0,1,1,1,0,0,0,1,0,0,1,1,1,0,1,0,0,1,1,1,1,1,1,0,1,1,0,1,0,0,1,1,0,0,0,1,0,0,1,1,0,1,0,0,0,0,0,0,1,1,1,0,0,0,0,0,0,1,1,1,1,0,1,1,1,0,1,0
531579,Cory in the House,0,0,0,0,0,0,0,0,0,0,0,0,0,0,0,0,0,0,1,0,1,0,1,0,1,1,0,0,1,1,0,1,0,0,0,0,0,0,0,0,0,0,0,0,0,0,0,0,0,0,0,0,0,0,0,0,0,0,0,0,0,0,0,0,0,0,1,1,0,0,0,1,1,0,1,1,1,0,0,0,0,1,0,0
532142,Django Unchained,1,1,0,0,0,1,0,0,0,1,1,0,0,1,0,0,0,1,1,1,0,0,0,0,1,1,1,0,0,1,1,1,1,1,1,1,0,1,0,0,1,0,1,1,1,0,0,1,1,1,0,1,1,1,1,1,0,0,0,0,0,1,0,0,0,1,0,1,0,0,0,1,1,1,0,0,1,0,1,1,0,1,1,1
532919,For a Few Dollars More,0,1,1,0,0,0,1,0,1,1,1,0,1,0,0,1,1,0,1,1,0,1,0,0,0,0,1,0,0,0,1,0,0,0,0,0,1,1,1,0,1,0,0,1,0,0,0,0,0,1,1,1,1,1,1,1,1,0,0,0,0,1,0,1,0,1,0,1,0,1,0,1,1,0,0,0,1,0,1,0,1,0,1,0
533224,The Raid 2,0,1,1,1,0,0,0,1,1,0,1,0,0,1,0,1,0,0,0,0,0,0,1,1,1,1,0,1,0,0,1,1,0,0,0,0,0,1,0,0,1,1,1,1,1,0,1,0,1,0,1,0,0,0,1,1,0,0,0,0,0,0,0,1,0,0,0,1,0,0,0,1,0,0,0,1,0,1,0,1,0,1,1,1
534357,Cory in the House,1,1,1,0,0,1,1,0,1,0,1,0,0,1,1,0,1,1,1,1,1,0,1,0,0,1,0,1,0,0,1,0,0,0,0,1,1,1,1,0,1,1,1,1,0,0,1,0,0,0,1,0,0,1,0,1,1,0,1,1,0,1,0,0,1,0,0,0,0,1,0,0,1,1,0,0,1,0,1,1,0,1,1,1
534660,Indiana Jones and the Temple of Doom,0,1,0,0,0,0,0,0,0,1,1,0,0,0,1,1,1,0,1,1,1,0,1,1,1,0,1,0,0,1,0,0,1,0,0,0,0,1,1,1,0,0,0,1,0,1,0,1,0,0,1,1,1,1,1,1,0,1,1,0,1,1,1,0,0,0,1,1,0,1,1,1,0,1,0,1,0,0,0,0,0,1,0,0
535936,Inception,0,1,1,0,1,0,1,0,0,0,0,0,0,0,1,0,0,0,0,1,1,0,0,1,0,1,1,1,1,0,0,1,0,1,0,0,1,0,0,1,0,1,0,0,1,0,1,0,0,0,0,1,0,1,0,0,1,0,1,0,1,0,0,0,1,1,0,0,0,1,0,1,0,0,1,1,0,0,1,1,1,1,0,0
536363,Cory in the House,1,0,0,1,1,0,0,1,1,0,0,0,1,1,1,0,0,1,0,0,1,1,1,0,0,1,0,1,0,0,0,0,0,1,0,1,0,0,1,0,0,0,1,1,1,0,0,0,1,1,0,0,0,0,0,0,1,1,0,1,0,0,1,1,0,1,1,1,0,1,1,1,1,1,1,0,0,0,0,0,0,0,1,1
537779,Thor Ragnarok,1,1,0,0,0,0,1,0,1,1,1,0,0,1,0,0,0,0,1,1,0,0,1,1,0,0,0,0,0,1,0,1,1,1,0,1,1,1,0,1,1,0,0,0,0,1,0,0,0,1,1,0,1,0,0,0,1,1,1,0,1,1,1,0,0,1,0,1,0,1,0,1,0,1,1,0,1,0,1,1,0,1,0,1
539774,Pulp Fiction,1,1,0,0,1,1,0,1,1,0,0,0,0,0,0,0,0,1,0,1,0,1,0,1,1,1,1,0,1,1,0,1,0,1,1,0,1,0,0,0,1,1,0,1,0,1,0,1,0,0,0,1,0,1,0,1,0,0,0,1,0,1,1,0,1,1,0,0,1,0,1,0,1,1,1,0,0,1,1,1,0,0,0,0
539971,After Hours,0,0,1,1,0,1,1,1,0,0,0,0,1,0,1,1,1,0,0,1,0,1,1,0,0,1,1,1,1,1,0,0,0,0,1,0,0,0,0,1,1,0,1,0,0,0,0,0,1,1,1,1,0,0,1,1,0,1,0,1,0,1,1,0,0,1,1,1,1,1,1,1,0,0,1,1,1,0,0,0,1,0,1,0
540164,The Raid 2,0,1,1,1,1,0,0,0,0,0,0,0,1,0,0,1,1,1,1,0,1,1,1,0,0,0,0,0,0,1,0,1,1,1,1,0,0,1,0,1,0,0,1,0,0,1,0,1,0,0,1,1,1,0,1,0,0,1,1,0,0,0,1,0,0,0,1,1,1,1,1,1,1,0,1,0,0,0,0,1,1,1,1,1
543373,For a Few Dollars More,1,0,0,0,0,1,1,0,1,0,0,0,1,1,1,0,1,0,0,0,0,1,0,1,1,1,0,0,1,0,1,0,0,0,0,1,1,0,0,1,0,0,0,1,0,0,0,1,0,0,1,0,0,0,0,1,0,0,0,0,1,1,0,0,0,1,0,0,0,1,1,0,0,0,0,1,0,1,0,0,1,1,1,1
544173,Cory in the House,0,0,1,1,1,0,0,1,1,0,0,1,1,0,1,1,1,0,1,0,1,1,0,1,0,1,0,0,1,0,1,1,1,1,0,0,0,0,0,0,0,1,1,0,0,0,0,0,0,0,0,0,0,0,0,0,0,0,0,0,0,0,0,0,0,1,1,0,0,1,0,1,1,0,0,1,1,1,0,0,0,1,0,1
545574,Shrek,1,1,0,0,1,1,0,1,1,1,1,0,1,0,1,1,1,1,1,1,0,1,1,0,0,1,1,0,0,0,1,0,0,1,0,0,1,1,0,1,1,0,1,0,0,1,1,0,1,0,1,1,0,0,0,1,1,0,0,1,1,1,1,0,1,1,0,1,1,0,0,0,0,0,0,1,0,1,0,1,1,0,0,1
546205,For a Few Dollars More,1,0,1,0,0,1,1,0,1,1,0,0,1,0,1,1,0,1,0,0,1,0,1,1,1,1,1,0,1,1,1,0,0,1,1,0,0,1,0,1,1,0,0,1,0,1,1,0,1,1,1,1,0,1,0,0,0,0,0,0,1,1,0,1,1,1,1,1,0,0,0,0,1,1,0,0,1,0,1,0,0,1,1,1
547598,Wild Tales,1,1,0,1,1,1,1,1,0,1,0,1,1,1,0,0,1,1,0,1,1,0,0,0,0,0,1,0,1,1,0,1,1,1,0,1,0,1,1,0,0,1,0,0,0,0,0,0,1,0,0,0,1,0,1,1,0,1,0,1,0,0,1,0,1,1,1,0,1,0,0,1,0,1,1,1,1,0,1,1,1,1,1,1
548496,Scarface,1,0,1,1,1,1,1,1,0,1,0,1,1,1,1,1,0,1,0,1,0,1,0,1,1,0,0,1,1,1,0,1,1,1,0,0,1,1,1,0,1,0,0,0,1,0,1,1,1,1,0,1,0,1,0,0,1,0,0,1,1,0,0,1,1,1,1,1,0,0,0,0,0,0,1,0,1,1,0,0,1,0,1,1
550125,The Raid 2,0,1,0,0,0,1,1,1,1,0,1,1,1,1,0,0,0,0,1,0,1,0,0,0,1,1,1,0,0,1,0,0,0,1,0,0,0,0,1,1,0,1,0,1,0,0,1,0,1,0,1,1,0,0,1,0,0,0,1,0,0,0,1,1,1,1,0,1,1,1,1,0,1,0,0,1,1,1,1,1,0,1,0,1
551623,Indiana Jones and the Temple of Doom,1,0,1,1,0,1,0,1,0,1,1,0,0,1,1,1,1,1,0,0,1,1,1,0,0,0,1,0,1,1,0,0,1,1,0,0,0,0,1,1,0,0,1,0,1,0,1,0,0,1,0,1,1,1,0,0,1,1,0,0,1,1,0,1,1,0,1,0,0,1,0,0,0,1,1,1,0,0,1,1,1,0,0,1
552722,After Hours,0,1,1,1,0,0,0,0,1,1,0,0,0,0,0,0,1,0,0,0,1,1,0,1,0,0,1,0,0,0,0,0,0,0,1,1,0,0,1,1,1,0,1,0,1,1,1,0,0,1,1,1,1,1,1,1,0,1,0,0,0,1,1,0,0,0,1,0,0,1,1,1,1,1,0,1,1,1,0,1,1,1,1,0
553462,Shrek,0,0,1,1,0,0,1,0,1,0,0,0,0,1,0,0,1,0,1,0,0,1,1,1,1,0,0,1,0,0,1,1,1,1,1,0,0,1,1,0,1,1,1,1,0,1,0,1,1,0,0,0,1,0,0,0,0,1,1,0,0,0,0,1,1,0,1,0,0,1,0,1,1,0,0,1,1,1,0,0,1,0,1,1
555059,Shrek,0,1,0,1,1,0,0,1,0,1,0,0,1,1,0,0,1,1,0,0,0,0,1,0,1,1,0,1,0,1,1,1,0,1,1,0,1,0,0,1,0,0,0,0,1,0,1,0,1,1,0,0,0,0,1,0,0,1,0,1,0,1,0,0,1,0,1,1,1,1,1,0,1,1,1,1,1,0,0,1,1,1,0,0
555084,Wild Tales,0,1,0,1,1,0,1,1,1,0,0,1,1,1,0,1,1,1,0,1,1,1,1,0,0,0,1,0,0,0,0,1,1,1,1,1,1,0,1,0,1,1,1,0,0,1,1,0,1,0,0,0,1,0,0,1,1,0,1,1,1,0,0,1,1,0,1,0,0,0,0,0,1,1,1,1,1,0,1,0,1,0,1,1
556911,The Raid 2,1,1,1,0,1,0,1,1,1,1,0,0,0,1,0,1,0,1,0,0,1,1,0,1,0,1,1,0,1,1,1,1,1,0,0,1,1,0,0,1,0,1,1,0,1,0,0,0,0,1,1,0,1,1,0,0,1,1,0,1,0,0,0,1,0,1,1,1,1,1,0,1,1,1,1,1,0,0,1,1,1,1,0,1
557509,The Raid 2,0,0,0,0,1,0,1,1,0,1,1,1,1,0,0,0,0,1,0,0,0,1,1,0,1,1,1,0,1,0,0,1,0,0,0,1,0,1,0,0,0,1,0,1,1,0,1,1,1,0,0,1,1,1,1,0,0,1,0,1,0,0,1,1,1,0,1,1,0,0,1,0,1,1,1,1,0,1,0,0,0,1,0,0
558194,Scarface,0,1,1,0,0,0,0,0,1,0,1,0,0,0,0,0,0,0,0,1,1,1,0,0,1,0,0,1,0,1,0,1,1,0,1,1,0,0,1,1,0,1,0,0,0,0,0,1,0,0,1,0,0,0,0,0,1,1,0,0,0,0,1,1,0,1,1,1,1,0,1,0,1,0,0,0,1,0,1,0,0,1,0,1
558296,Thor Ragnarok,1,1,1,0,1,0,0,1,0,1,1,0,1,1,1,1,0,1,1,0,1,0,0,0,1,0,1,0,1,1,1,1,0,0,1,1,0,1,1,1,1,0,0,0,0,1,0,1,1,0,1,0,0,1,0,0,0,1,0,0,0,0,0,1,0,0,1,1,1,1,1,0,1,0,1,1,1,0,1,1,1,1,0,0
558673,Fargo,0,1,0,0,0,1,0,1,0,0,1,1,0,0,0,0,0,0,0,0,1,0,0,0,1,0,1,1,0,0,0,1,0,1,1,0,0,1,1,0,1,1,0,0,1,1,1,0,1,1,0,0,0,0,0,0,1,0,0,1,0,1,0,1,1,0,1,0,1,1,1,1,1,1,0,1,0,1,1,1,0,1,1,0
558686,Fargo,0,0,0,0,1,1,1,0,0,0,1,1,0,1,0,1,0,0,0,1,0,1,1,1,0,1,1,1,0,1,1,1,1,1,0,0,1,1,1,0,0,1,0,0,0,0,0,1,1,0,0,1,0,1,1,0,0,0,1,1,0,1,0,1,0,1,0,0,1,1,0,1,1,0,1,0,1,1,0,1,1,1,1,1
559680,Wild Tales,1,0,0,1,0,0,1,0,1,0,0,1,1,0,0,0,0,1,0,1,0,0,1,0,1,0,0,0,0,1,1,0,0,0,1,0,1,0,1,1,0,1,0,1,0,0,0,0,0,1,1,1,0,0,0,0,1,0,1,1,0,1,1,0,0,0,1,0,1,1,1,0,0,0,1,0,1,0,0,1,1,0,0,1
561030,Cory in the House,0,1,0,1,1,0,1,0,0,0,0,0,1,1,0,0,0,1,0,0,0,1,1,0,1,1,1,1,0,1,1,0,1,1,0,0,1,1,1,1,1,1,1,1,1,1,1,1,1,0,0,1,0,1,1,1,1,1,1,0,0,0,1,1,1,1,0,0,1,0,0,1,1,1,0,1,0,1,1,1,1,1,1,0
564172,Source Code,1,1,1,0,0,0,1,0,1,0,1,0,1,0,0,0,0,1,1,0,1,1,0,0,0,1,0,0,0,1,0,1,1,1,1,0,0,0,1,1,0,1,1,1,0,1,1,1,1,0,1,1,1,1,1,1,0,0,0,1,1,0,0,0,1,1,1,1,0,1,1,1,0,0,1,1,0,1,0,0,0,0,0,1
564191,Back to the Future,1,1,0,0,1,1,1,1,1,1,1,1,1,0,1,1,1,0,0,1,1,0,1,0,1,1,0,0,1,0,0,1,1,1,0,0,1,0,0,0,1,0,1,1,0,0,1,1,1,0,1,1,1,0,0,1,1,1,0,1,0,1,0,0,0,0,0,0,0,1,1,1,0,0,1,0,0,0,1,0,0,1,1,0
564427,GoodFellas,0,1,1,1,1,1,0,1,1,0,1,0,1,1,1,0,0,1,0,0,1,0,1,1,1,0,1,1,0,1,1,0,0,1,0,0,1,1,0,1,0,0,1,1,1,0,1,1,1,1,0,1,0,1,0,0,0,0,0,1,1,1,0,0,0,1,1,0,0,1,1,0,0,0,0,1,0,1,1,1,0,0,1,0
564627,Wild Tales,0,0,1,1,0,0,1,0,0,0,1,1,1,1,0,0,1,1,0,1,0,1,1,1,1,0,0,0,1,0,1,1,1,0,0,0,1,0,0,0,1,0,0,1,1,0,1,1,1,0,0,1,1,1,1,1,0,1,0,0,1,1,1,1,0,1,1,0,0,1,0,1,1,0,1,0,0,0,1,1,1,1,0,0
565751,Baby Driver,0,0,0,1,1,1,1,1,1,0,1,0,1,1,0,1,1,0,1,0,0,0,1,0,1,0,0,0,0,0,1,1,1,1,0,0,1,0,0,1,0,0,0,1,1,0,1,1,1,1,0,0,0,0,1,0,1,1,1,0,0,0,0,0,0,0,0,1,0,0,1,0,0,0,1,1,0,1,1,1,1,1,0,1
566613,Anchorman,1,0,0,0,1,0,0,1,1,1,0,1,0,0,1,1,1,1,1,0,1,0,1,1,0,0,1,1,0,1,0,0,0,0,0,0,1,0,1,1,1,1,1,0,0,0,1,1,0,1,0,0,1,1,0,1,0,0,0,1,1,0,0,0,0,0,1,1,0,1,0,1,0,0,1,1,0,1,0,1,1,1,1,1
566874,The Wolf of Wall Street,0,0,0,1,0,1,1,0,0,1,0,0,0,0,0,1,0,1,0,1,1,0,1,1,0,1,0,0,1,1,0,0,0,1,1,1,0,0,0,0,1,1,1,1,0,1,1,1,0,1,0,1,0,0,0,0,1,1,1,0,1,1,1,1,0,1,0,1,0,1,0,1,1,1,0,1,0,0,1,1,0,0,0,0
567109,Gone Girl,0,1,0,1,0,1,0,0,0,1,0,0,1,1,1,1,1,0,0,1,1,1,1,1,0,1,0,0,0,1,0,0,1,1,0,1,0,0,0,1,1,1,1,0,1,1,1,0,1,0,1,0,1,0,1,1,0,0,0,1,1,0,1,1,0,1,0,1,1,0,1,1,0,1,1,0,1,1,1,0,0,0,0,0
570935,Django Unchained,0,1,1,1,1,1,1,0,1,0,1,0,0,1,1,1,1,0,1,0,0,1,0,1,1,1,1,0,1,1,0,0,1,0,1,0,0,1,1,0,1,1,1,0,0,1,1,1,1,1,0,0,1,0,0,1,0,1,1,0,1,0,0,0,1,0,0,0,0,0,0,1,1,1,1,0,0,1,1,0,1,1,0,1
571373,Kingpin,0,1,1,0,1,1,1,0,0,0,1,1,1,1,0,1,0,1,1,0,1,1,1,1,1,0,0,1,1,0,0,1,0,1,0,0,1,1,0,1,1,0,1,1,0,0,1,0,1,0,1,0,1,1,0,1,1,1,0,0,0,1,1,1,0,1,0,1,0,1,0,0,0,0,1,0,1,0,1,1,1,0,1,1
571519,After Hours,1,0,0,1,1,0,1,1,1,1,0,0,1,1,1,1,1,1,1,0,1,1,1,0,1,1,1,0,0,0,0,1,1,0,1,0,1,1,1,0,1,1,0,1,1,1,1,0,0,0,1,1,1,0,1,1,0,1,1,0,1,1,1,0,0,0,1,0,0,0,0,0,0,1,1,1,1,0,1,0,0,1,0,1
571824,Terminator 2 Judgment Day,0,0,0,1,0,0,0,1,1,1,1,0,0,1,1,0,0,1,1,1,0,1,1,0,0,1,0,1,0,1,0,1,1,0,0,0,1,1,1,0,0,0,1,1,1,1,0,0,1,0,0,0,1,0,1,0,1,1,0,0,0,1,0,0,1,1,1,0,1,1,0,1,1,0,0,0,0,1,1,1,1,1,0,1
572522,Indiana Jones and the Temple of Doom,1,0,1,1,0,0,0,0,0,1,1,0,1,1,0,1,0,1,1,1,0,0,0,0,0,0,1,1,0,1,1,1,0,1,0,0,0,0,1,1,0,1,1,0,0,1,0,1,0,0,0,1,0,0,1,1,0,1,0,0,0,0,1,0,0,1,0,0,0,1,0,0,1,0,1,0,0,0,1,1,0,0,1,0
573827,Cory in the House,0,0,0,0,0,0,0,0,0,0,0,0,0,0,0,0,0,0,0,0,0,0,0,0,1,0,0,0,0,0,0,0,0,1,1,0,1,1,1,1,1,1,1,1,1,0,0,0,1,0,1,1,1,1,1,0,1,1,0,0,1,1,1,1,0,0,1,0,0,0,0,0,0,1,0,1,0,1,0,0,0,1,0,1
575198,Wreck-It Ralph,1,0,1,0,0,1,1,0,1,0,1,0,0,1,1,0,1,1,1,0,0,0,1,0,1,0,0,1,0,0,0,0,1,0,0,0,1,1,0,1,1,0,0,0,1,0,0,0,0,1,1,0,0,0,0,1,1,1,0,0,1,1,1,0,0,0,1,0,1,1,1,1,0,0,1,0,1,0,1,1,1,1,0,1
576426,For a Few Dollars More,1,1,1,1,1,0,0,0,1,0,1,0,0,0,1,1,0,0,1,0,0,0,1,0,1,0,0,1,0,0,0,0,1,1,1,1,1,0,1,1,1,0,1,1,0,1,1,0,0,0,0,0,1,0,0,1,0,0,1,0,0,1,1,1,0,0,0,0,0,0,0,0,1,0,0,1,1,1,1,0,1,0,1,0
577312,Inception,1,0,1,1,0,0,1,0,0,1,1,0,0,1,0,0,0,0,0,1,0,0,1,1,1,0,0,1,1,1,0,0,1,1,0,1,1,1,0,1,0,1,0,1,1,0,1,1,0,0,0,0,1,1,0,1,1,1,1,0,0,1,1,1,1,1,0,1,1,0,0,1,1,1,1,1,1,1,0,1,0,0,0,0
580128,Casino,0,0,0,0,0,1,0,1,1,1,1,1,1,1,1,0,0,0,0,0,1,1,0,1,0,1,1,1,1,0,0,1,0,0,0,1,1,1,0,1,0,1,0,1,1,1,1,0,0,1,1,1,0,1,0,1,0,0,0,1,1,1,0,0,1,1,0,0,0,0,1,1,0,1,0,1,0,0,0,0,1,0,0,1
582278,Cory in the House,1,0,0,0,0,0,0,0,0,0,0,0,0,0,0,0,0,0,0,0,0,0,0,0,0,0,0,0,0,0,0,0,0,0,0,0,0,0,0,0,0,0,0,0,0,0,0,0,1,1,0,0,1,0,1,0,0,1,1,0,0,1,1,1,0,1,0,0,1,1,1,0,0,1,1,0,1,0,0,1,0,0,1,1
582595,Baby Driver,1,0,0,0,0,1,0,0,1,1,1,1,0,0,1,0,0,0,0,1,1,1,1,0,1,1,0,0,1,0,0,0,1,1,0,1,0,0,0,0,1,1,1,0,0,1,0,1,1,0,0,1,1,0,1,0,0,0,1,0,1,1,1,1,0,1,1,0,1,0,1,1,0,0,1,1,0,1,0,0,0,0,0,0
582639,Inception,0,1,0,1,1,1,0,1,0,0,1,0,1,0,0,0,0,1,1,0,0,0,1,1,0,1,1,0,1,1,0,0,1,0,0,1,0,1,1,0,0,0,0,1,0,1,0,0,0,0,0,0,1,1,1,0,1,0,1,0,1,1,0,0,0,1,0,0,1,1,0,1,0,0,1,1,1,1,1,1,1,1,0,1
583298,Wild Tales,0,1,1,0,0,1,0,1,0,1,1,1,0,1,1,1,1,1,0,0,1,1,0,1,0,0,1,1,0,0,1,1,0,0,1,1,1,1,0,0,1,0,1,1,0,0,1,1,0,0,1,0,0,0,0,0,0,0,1,0,1,0,1,0,1,0,1,0,1,1,0,0,1,1,1,1,0,0,1,0,1,0,1,0
584207,Anchorman,1,1,0,0,0,0,1,1,1,1,1,1,1,0,1,0,0,1,1,1,0,0,1,0,0,1,0,0,1,0,1,0,0,0,0,1,0,0,1,0,0,0,1,0,0,1,1,0,1,0,0,1,1,0,1,1,0,0,1,0,1,0,0,0,0,1,0,1,0,0,1,0,0,1,1,0,0,1,0,1,1,1,0,1
584230,Wild Tales,1,1,1,0,1,1,0,1,1,1,1,0,0,1,1,0,1,0,1,0,0,1,1,1,0,1,0,0,1,1,1,1,0,0,0,0,1,1,0,0,1,0,0,0,0,0,0,1,1,0,0,0,0,1,1,0,1,1,1,1,0,0,0,0,1,1,0,1,1,0,1,1,0,1,1,0,1,0,1,1,1,1,0,0
584938,Casino,1,1,1,0,1,1,1,1,1,1,1,1,0,1,0,0,0,1,0,1,0,0,1,1,1,0,1,0,1,1,0,1,1,1,1,0,1,0,0,0,0,0,1,1,0,1,0,0,0,0,0,1,1,0,1,1,1,0,1,1,0,0,1,1,1,1,0,0,0,1,0,1,0,0,1,0,0,0,0,0,0,0,1,1
588302,After Hours,1,1,1,0,0,0,0,1,0,1,0,0,0,0,1,0,0,0,1,1,0,1,1,0,0,1,0,1,0,0,1,1,0,0,0,1,1,1,0,0,0,1,0,1,0,0,1,0,1,1,0,0,1,1,0,0,1,0,0,0,1,1,0,0,0,1,1,1,0,1,1,1,1,0,0,1,1,0,1,0,0,0,0,1
